WARNING: 2 open meshes merged
     Merged: Wing_CG
     Merged: KFm2_step
...Mass Properties...
7 Num Comps
5 Total Num Meshes
4016 Total Num Tris

4.655665717793831e-01             Total Mass
2.569644107689800e-01 5.024768053444945e-07 1.532023857595129e-02       Center of Gravity
3.115369207936352e-03 1.745953226999080e-02 2.002626226761210e-02       Ixx, Iyy, Izz
-2.934905826618012e-08 -2.176962932311376e-05 1.240129649434653e-07       Ixy, Ixz, Iyz
3.801506250755570e-03             Volume

Name	Mass	cgX	cgY	cgZ	Ixx	Iyy	Izz	Ixy	Ixz	Iyz	Volume
Wing_CG	6.386439323999424e-02	3.355676102921205e-01	6.295397092536625e-07	-5.466151641318947e-07	1.813899440188874e-03	8.670144071298172e-04	2.680597089749018e-03	-3.682281648943397e-08	-3.688408386890823e-09	4.397574009715154e-08	1.030070858711371e-03
KFm2_step	3.192079355453495e-02	2.496260328045072e-01	-1.402872087168052e-05	4.998145468365694e-03	8.972458863480904e-04	3.155135104882911e-04	1.212598756477491e-03	-1.380406405558809e-07	2.111026129638297e-09	2.802167642956504e-08	5.148515089440575e-04
tail_cg	1.860324692922106e-03	4.765556314482186e-01	5.075007466478901e-02	8.602197018123880e-02	2.115666335955680e-06	2.601432012685385e-06	9.965608771539186e-07	2.291413357186243e-07	6.298528594744275e-07	6.758026588612420e-07	3.000523698261431e-05
tail_cg	1.847988097484357e-03	4.765769059801225e-01	-5.074171097694953e-02	8.600344963604467e-02	2.113962940669358e-06	2.597146293664097e-06	9.939721889369868e-07	-2.289548230015984e-07	6.289843050935014e-07	-6.748880512319850e-07	2.980625963684441e-05
Fuselage	1.610730721943788e-01	2.301297153286936e-01	-1.630029563748814e-15	4.131118165847372e-02	1.965960369285675e-04	4.850478340485988e-03	4.894047755937360e-03	4.167269751593149e-19	8.666324168643705e-05	1.017893598729876e-17	2.196772386474490e-03
Battery_pm	1.200000000000000e-01	6.000000000000000e-02	0.000000000000000e+00	0.000000000000000e+00	0.000000000000000e+00	0.000000000000000e+00	0.000000000000000e+00	-0.000000000000000e+00	-0.000000000000000e+00	-0.000000000000000e+00	0.000000000000000e+00
Motor_pm	8.500000000000001e-02	5.200000000000000e-01	0.000000000000000e+00	0.000000000000000e+00	0.000000000000000e+00	0.000000000000000e+00	0.000000000000000e+00	-0.000000000000000e+00	-0.000000000000000e+00	-0.000000000000000e+00	0.000000000000000e+00
Name	Mass	cgX	cgY	cgZ	Ixx	Iyy	Izz	Ixy	Ixz	Iyz	Volume
Totals	4.655665717793831e-01	2.569644107689800e-01	5.024768053444945e-07	1.532023857595129e-02	3.115369207936352e-03	1.745953226999080e-02	2.002626226761210e-02	-2.934905826618012e-08	-2.176962932311376e-05	1.240129649434653e-07	3.801506250755570e-03

...Filling Mass Properties (Volume Only -- No Shell or Point Mass)...
100 Num Slice

Slice	Mass	cgX	cgY	cgZ	Ixx	Iyy	Izz	Ixy	Ixz	Iyz	Volume
-7.858792843956706e-02	0.000000000000000e+00	0.000000000000000e+00	0.000000000000000e+00	0.000000000000000e+00	0.000000000000000e+00	0.000000000000000e+00	0.000000000000000e+00	0.000000000000000e+00	0.000000000000000e+00	0.000000000000000e+00	2.223644267982154e-07
-7.267720248052663e-02	0.000000000000000e+00	0.000000000000000e+00	0.000000000000000e+00	0.000000000000000e+00	0.000000000000000e+00	0.000000000000000e+00	0.000000000000000e+00	0.000000000000000e+00	0.000000000000000e+00	0.000000000000000e+00	1.158502923378695e-06
-6.676647652148618e-02	0.000000000000000e+00	0.000000000000000e+00	0.000000000000000e+00	0.000000000000000e+00	0.000000000000000e+00	0.000000000000000e+00	0.000000000000000e+00	0.000000000000000e+00	0.000000000000000e+00	0.000000000000000e+00	3.295966011224371e-06
-6.085575056244574e-02	0.000000000000000e+00	0.000000000000000e+00	0.000000000000000e+00	0.000000000000000e+00	0.000000000000000e+00	0.000000000000000e+00	0.000000000000000e+00	0.000000000000000e+00	0.000000000000000e+00	0.000000000000000e+00	6.816730904531691e-06
-5.494502460340530e-02	0.000000000000000e+00	0.000000000000000e+00	0.000000000000000e+00	0.000000000000000e+00	0.000000000000000e+00	0.000000000000000e+00	0.000000000000000e+00	0.000000000000000e+00	0.000000000000000e+00	0.000000000000000e+00	1.171050394387216e-05
-4.903429864436486e-02	0.000000000000000e+00	0.000000000000000e+00	0.000000000000000e+00	0.000000000000000e+00	0.000000000000000e+00	0.000000000000000e+00	0.000000000000000e+00	0.000000000000000e+00	0.000000000000000e+00	0.000000000000000e+00	1.819865642067656e-05
-4.312357268532442e-02	0.000000000000000e+00	0.000000000000000e+00	0.000000000000000e+00	0.000000000000000e+00	0.000000000000000e+00	0.000000000000000e+00	0.000000000000000e+00	0.000000000000000e+00	0.000000000000000e+00	0.000000000000000e+00	2.654378883979997e-05
-3.721284672628398e-02	0.000000000000000e+00	0.000000000000000e+00	0.000000000000000e+00	0.000000000000000e+00	0.000000000000000e+00	0.000000000000000e+00	0.000000000000000e+00	0.000000000000000e+00	0.000000000000000e+00	0.000000000000000e+00	3.657166660264193e-05
-3.130212076724354e-02	0.000000000000000e+00	0.000000000000000e+00	0.000000000000000e+00	0.000000000000000e+00	0.000000000000000e+00	0.000000000000000e+00	0.000000000000000e+00	0.000000000000000e+00	0.000000000000000e+00	0.000000000000000e+00	4.812620384159645e-05
-2.539139480820309e-02	0.000000000000000e+00	0.000000000000000e+00	0.000000000000000e+00	0.000000000000000e+00	0.000000000000000e+00	0.000000000000000e+00	0.000000000000000e+00	0.000000000000000e+00	0.000000000000000e+00	0.000000000000000e+00	6.138777886843630e-05
-1.948066884916265e-02	0.000000000000000e+00	0.000000000000000e+00	0.000000000000000e+00	0.000000000000000e+00	0.000000000000000e+00	0.000000000000000e+00	0.000000000000000e+00	0.000000000000000e+00	0.000000000000000e+00	0.000000000000000e+00	7.653739047865201e-05
-1.356994289012221e-02	0.000000000000000e+00	0.000000000000000e+00	0.000000000000000e+00	0.000000000000000e+00	0.000000000000000e+00	0.000000000000000e+00	0.000000000000000e+00	0.000000000000000e+00	0.000000000000000e+00	0.000000000000000e+00	9.354261345708651e-05
-7.659216931081775e-03	0.000000000000000e+00	0.000000000000000e+00	0.000000000000000e+00	0.000000000000000e+00	0.000000000000000e+00	0.000000000000000e+00	0.000000000000000e+00	0.000000000000000e+00	0.000000000000000e+00	0.000000000000000e+00	1.118443150402253e-04
-1.748490972041325e-03	0.000000000000000e+00	0.000000000000000e+00	0.000000000000000e+00	0.000000000000000e+00	0.000000000000000e+00	0.000000000000000e+00	0.000000000000000e+00	0.000000000000000e+00	0.000000000000000e+00	0.000000000000000e+00	1.315393072680410e-04
4.162234986999111e-03	1.716128969647461e-05	4.162234986999099e-03	-3.299020751957901e-05	2.519146148038777e-03	2.248300827154918e-10	2.506968742957451e-10	2.239492542121273e-10	2.092385279894279e-12	-1.161034014778329e-13	2.088288908716762e-12	1.528312567196419e-04
1.007296094603956e-02	6.113068996433780e-05	8.413635972630279e-03	-6.351650896335535e-06	2.555149394851651e-03	1.801501917994924e-09	1.338654745589741e-09	2.215211108503538e-09	-1.309075077154608e-11	2.038872079846157e-12	1.876074450550089e-11	1.759095967555315e-04
1.598368690508000e-02	1.348704560700890e-04	1.255252451377508e-02	-9.172868745528601e-06	2.580476735590879e-03	6.901541276885057e-09	4.359556389737873e-09	9.198419245281966e-09	-1.625133695448362e-11	1.272713607400711e-11	4.230466984910696e-11	1.999978258784134e-04
2.189441286412043e-02	2.406637980539730e-04	1.665912300102117e-02	-7.536429150108457e-06	2.606529755826877e-03	1.911724556977426e-08	1.113939233633977e-08	2.652249038727324e-08	-1.558585026819625e-11	4.567815027382589e-11	8.033662703135178e-11	2.248039924395762e-04
2.780513882316088e-02	3.803525348696560e-04	2.075262239430344e-02	-5.333635618044154e-06	2.622820059910279e-03	4.386599389275984e-08	2.425891600146950e-08	6.214631058195117e-08	-3.062497570238821e-11	8.712337424642765e-11	1.518350256071342e-10	2.503495663290903e-04
3.371586478220132e-02	5.547592160590973e-04	2.482804109286668e-02	-2.646407371086573e-06	2.630233886743067e-03	8.789847823789877e-08	4.704098989131339e-08	1.261240864803477e-07	-3.529786193100223e-11	1.224809374952433e-10	2.335454812376914e-10	2.766554429607826e-04
3.962659074124177e-02	7.648935295106666e-04	2.889355210905957e-02	-2.090751542222120e-06	2.630629153876127e-03	1.599854918079902e-07	8.367925715705035e-08	2.313844446559857e-07	-5.929756903201913e-11	1.232343016189187e-10	3.448738909238819e-10	3.035213122713280e-04
4.553731670028220e-02	1.011429507309466e-03	3.295047031057161e-02	8.786268395448934e-06	2.627769221335871e-03	2.704002221282337e-07	1.391738086319547e-07	3.931883162722859e-07	3.500369725101827e-11	7.814324040733955e-11	5.527491710713531e-10	3.307857151396166e-04
5.144804265932264e-02	1.295198213353013e-03	3.700315669960185e-02	-2.001320528330072e-05	2.623531569880227e-03	4.321612720934185e-07	2.194475454127584e-07	6.304497786825300e-07	-5.555893980054614e-10	-1.214711876514527e-11	7.262772689283211e-10	3.585389648541471e-04
5.735876861836307e-02	1.616318358098728e-03	4.104728390572310e-02	-2.022368743032718e-06	2.615767740353149e-03	6.596429817770168e-07	3.311079857217735e-07	9.641887836990799e-07	-1.626817620725259e-10	-2.317220281244426e-10	8.987909969282730e-10	3.868242392214716e-04
6.326949457740351e-02	1.974364115446576e-03	4.507722356459179e-02	-2.130016142574195e-06	2.607325790389289e-03	9.686503709162124e-07	4.814868209250576e-07	1.417525483893436e-06	-2.704237008788682e-10	-5.504891742167480e-10	1.132205057004150e-09	4.156766510362300e-04
6.918022053644397e-02	2.368994391262549e-03	4.909233325758035e-02	-2.116679070506162e-06	2.599442462738247e-03	1.376465163117914e-06	6.787836314203919e-07	2.015930900313976e-06	-4.020485449870015e-10	-9.448658200351261e-10	1.379969331626200e-09	4.451017826367150e-04
7.509094649548441e-02	2.800007076699195e-03	5.309437032475377e-02	-1.827322336108385e-06	2.592358912458057e-03	1.902637198145607e-06	9.320906485879952e-07	2.788045628312030e-06	-5.505427041226551e-10	-1.402385569913565e-09	1.661703712636771e-09	4.751056687167765e-04
8.100167245452485e-02	3.267381882089505e-03	5.708630342977835e-02	-1.594444588987267e-06	2.586027968753084e-03	2.568427057860290e-06	1.251431243292870e-06	3.765162888171974e-06	-7.205277850670467e-10	-1.919375019919277e-09	1.992459527138132e-09	5.056955152992882e-04
8.691239841356528e-02	3.771313203698676e-03	6.107173308035205e-02	-1.413032815900652e-06	2.580432054991383e-03	3.397100577631405e-06	1.647826991503030e-06	4.981562446391299e-06	-9.179113113695820e-10	-2.487641155529388e-09	2.341959733480223e-09	5.368749746560105e-04
9.282312437260572e-02	4.309431796639527e-03	6.503652816526929e-02	3.818567265309285e-05	2.574444986588789e-03	4.401486075095687e-06	2.131158484112299e-06	6.459974160964309e-06	3.588575434776517e-09	-3.232591832469839e-09	3.062405739714106e-09	5.686058354233054e-04
9.873385033164618e-02	4.886438010410658e-03	6.901561563880773e-02	3.365740351698242e-05	2.570272662148896e-03	5.633281377721667e-06	2.718162474709227e-06	8.268821736849509e-06	2.679613610413892e-09	-3.876201147943696e-09	3.449267924815091e-09	6.009639119534342e-04
1.046445762906866e-01	5.500208430533699e-03	7.299146535869362e-02	2.981779603274835e-05	2.566526899076794e-03	7.109877959505144e-06	3.420125582316473e-06	1.043677043238544e-05	1.749170854436764e-09	-4.567618416032927e-09	3.884215249941680e-09	6.339147473262471e-04
1.105553022497271e-01	6.151004923742107e-03	7.696584249270910e-02	2.676766854999674e-05	2.563133932295072e-03	8.863611700104104e-06	4.251641357781900e-06	1.301074564274074e-05	8.188176901737767e-10	-5.313017561501944e-09	4.382312250995716e-09	6.674629910043090e-04
1.164660282087675e-01	6.838868154294679e-03	8.093882818874294e-02	2.406161604022628e-05	2.559914623044931e-03	1.092840697308611e-05	5.227910843201360e-06	1.603988421003467e-05	-1.626678438574151e-10	-6.142644224270465e-09	4.878585049165770e-09	7.016090903942374e-04
1.223767541678079e-01	7.563752905683664e-03	8.491010026042022e-02	2.184060501936334e-05	2.556924442354734e-03	1.333835453613942e-05	6.364900853604453e-06	1.957421964330310e-05	-1.148173916737454e-09	-7.038236834765432e-09	5.412608464401495e-09	7.363523174276962e-04
1.282874801268484e-01	8.325390292303390e-03	8.887842283508911e-02	1.990201654447038e-05	2.554116230266583e-03	1.612806746710814e-05	7.679065400268841e-06	2.366483495010511e-05	-2.193858388312965e-09	-8.012119237046497e-09	5.986166814420267e-09	7.716883352458219e-04
1.341982060858888e-01	9.123660158481357e-03	9.284365353005299e-02	1.819248509278142e-05	2.551504638443552e-03	1.933438335845767e-05	9.187935261872421e-06	2.836610316586302e-05	-3.268836182698364e-09	-9.052433653935160e-09	6.597288969257980e-09	8.076151976496499e-04
1.401089320449293e-01	9.958483940760505e-03	9.680592116185192e-02	1.659227144858342e-05	2.549105325373740e-03	2.299633670686788e-05	1.090995908253096e-05	3.373550105512149e-05	-4.427499376248319e-09	-1.014201039152347e-08	7.237880753395363e-09	8.441316268717597e-04
1.460196580039697e-01	1.082980422060039e-02	1.007654504463862e-01	1.524858781919051e-05	2.546926989225491e-03	2.715515432497704e-05	1.286444305982569e-05	3.983360319974739e-05	-5.566249131423002e-09	-1.127519798006377e-08	7.900621055822504e-09	8.812367028072781e-04
1.519303839630101e-01	1.173764926465132e-02	1.047227872414247e-01	1.395955206207139e-05	2.544941339004541e-03	3.185423318901345e-05	1.507176148255173e-05	4.672414890618105e-05	-6.783704033609280e-09	-1.244256644008980e-08	8.591886669468405e-09	9.189308878429744e-04
1.578411099220506e-01	1.268237678372102e-02	1.086796434410940e-01	1.283025360163497e-05	2.543167348399125e-03	3.714194699763701e-05	1.755393310019422e-05	5.447751841895235e-05	-8.010266044157335e-09	-1.362011834606710e-08	9.326938366202427e-09	9.572176467670695e-04
1.637518358810910e-01	1.366385970327540e-02	1.126355107725854e-01	1.190801465528611e-05	2.541452375348335e-03	4.306761284780536e-05	2.033262131719139e-05	6.316470521150212e-05	-9.222016610503493e-09	-1.489197082835850e-08	1.009267637205301e-08	9.960995394721764e-04
1.696625618401315e-01	1.468241890609900e-02	1.165916319026404e-01	1.108752220553088e-05	2.539826599309093e-03	4.968438753030528e-05	2.343160234015331e-05	7.286262131203652e-05	-1.047002102583176e-08	-1.623521701927932e-08	1.088962963816539e-08	1.035579436746142e-03
1.755732877991719e-01	1.573807769837713e-02	1.205479285243502e-01	1.033786042158950e-05	2.538275684642845e-03	5.704504023907659e-05	2.687466400451860e-05	8.364783289395009e-05	-1.174255550851608e-08	-1.765718031848115e-08	1.174682449207109e-08	1.075657714495181e-03
1.814840137582124e-01	1.683060526057242e-02	1.245034816146620e-01	9.660887850667175e-06	2.536796249375126e-03	6.519814684704583e-05	3.068564220596013e-05	9.559274925244435e-05	-1.304415388591338e-08	-1.915528292260804e-08	1.260391078553746e-08	1.116330607947286e-03
1.873947397172528e-01	1.795978054116187e-02	1.284576086626988e-01	9.025521334935255e-06	2.535388766716468e-03	7.419456296176861e-05	3.488920236635966e-05	1.087729132209745e-04	-1.440147721115752e-08	-2.073275223069962e-08	1.350073916184526e-08	1.157594635842689e-03
1.933054656762932e-01	1.912565310462091e-02	1.324106416324851e-01	8.386597173036218e-06	2.534106258677804e-03	8.408821621571176e-05	3.951183369563420e-05	1.232687323275181e-04	-1.584658467403526e-08	-2.231868511307628e-08	1.443769245246143e-08	1.199447872288798e-03
1.992161916353337e-01	2.032792591792857e-02	1.363617823868723e-01	7.900138906292399e-06	2.532901248232390e-03	9.493571402879751e-05	4.457950548110376e-05	1.391628030853546e-04	-1.717675298266918e-08	-2.395482137352624e-08	1.540396640046377e-08	1.241890898215388e-03
2.051269175943741e-01	2.156666485872598e-02	1.403114914081195e-01	7.441937828137281e-06	2.531759889294763e-03	1.067986645434497e-04	5.012050473078799e-05	1.565450084575073e-04	-1.856516481593026e-08	-2.565303518777862e-08	1.638959486368180e-08	1.284922098902968e-03
2.110376435534146e-01	2.284223737311972e-02	1.442610316502471e-01	7.055601505864383e-06	2.530719544412299e-03	1.197423998876369e-04	5.616533343563251e-05	1.755111660190059e-04	-1.992209676993144e-08	-2.734266237275107e-08	1.740336108910953e-08	1.328547401212218e-03
2.169483695124550e-01	2.415451466391855e-02	1.482100218962685e-01	6.662169308003192e-06	2.529701973726035e-03	1.338350311975999e-04	6.274309372092432e-05	1.961584839878147e-04	-2.137809308479101e-08	-2.913645078134630e-08	1.846816317474808e-08	1.372764697187519e-03
2.228590954714954e-01	2.550378475379285e-02	1.521593087642460e-01	6.342592333342379e-06	2.528728318010841e-03	1.491478715429387e-04	6.988579508593315e-05	2.185902784364620e-04	-2.280664827851903e-08	-3.099756878217633e-08	1.956199201022256e-08	1.417578694478350e-03
2.287698214305359e-01	2.689018866719734e-02	1.561091923401108e-01	5.923710602842515e-06	2.527789179124533e-03	1.657546626904902e-04	7.762558746369901e-05	2.429124824638765e-04	-2.448692758875060e-08	-3.294681550244386e-08	2.068907077647723e-08	1.462991630254319e-03
2.346805473895763e-01	2.831356915114015e-02	1.600591335424139e-01	5.621165259705589e-06	2.526881097210114e-03	1.837207244984119e-04	8.599390003882356e-05	2.692218119534676e-04	-2.601135838878361e-08	-3.498309650557404e-08	2.184272169470823e-08	1.509000962291186e-03
2.405912733486168e-01	2.977219613146536e-02	1.640046386501312e-01	5.304929976310520e-06	2.525894213317095e-03	2.031075335270298e-04	9.501370873769979e-05	2.976027506094298e-04	-2.764923735025587e-08	-3.734773766246068e-08	2.303774120725396e-08	1.555602102977154e-03
2.465019993076572e-01	3.126227519369771e-02	1.679367769555986e-01	5.122153013180892e-06	2.524557036546802e-03	2.239816910614921e-04	1.046954876385487e-04	3.281324871027905e-04	-2.904221587296798e-08	-4.074688977637408e-08	2.422754789853179e-08	1.602794346606703e-03
2.524127252666976e-01	3.278009890328826e-02	1.718482842886006e-01	4.911464691148508e-06	2.522651870654306e-03	2.464131015793778e-04	1.150497854665453e-04	3.608915750250189e-04	-3.053967072429660e-08	-4.589966239637777e-08	2.543019840379150e-08	1.650572544516211e-03
2.583234512257381e-01	3.431362862337359e-02	1.757129947219677e-01	4.655512517590256e-06	2.519395171993807e-03	2.704781179410528e-04	1.260295419826532e-04	3.959094735157003e-04	-3.221720887811375e-08	-5.525357496265579e-08	2.662878991729541e-08	1.698935705507171e-03
2.642341771847785e-01	3.584759913316189e-02	1.795009438921516e-01	3.819024733457343e-06	2.513937478774505e-03	2.962547024084650e-04	1.375600058088110e-04	4.331895863594200e-04	-3.573990842894887e-08	-7.195495306428419e-08	2.784150007971055e-08	1.747850423480237e-03
2.701449031438189e-01	3.738126874341512e-02	1.832198622255964e-01	4.185931031560187e-06	2.506431427481921e-03	3.238137239146732e-04	1.496687637680084e-04	4.728304462573939e-04	-3.553298486297579e-08	-9.647374304882679e-08	2.911598322685932e-08	1.797243141928281e-03
2.760556291028594e-01	3.891463920024833e-02	1.868779103327505e-01	4.003950582307729e-06	2.497110474495522e-03	3.532223701345524e-04	1.623879720743973e-04	5.149313912428267e-04	-3.714400227483750e-08	-1.289461500667982e-07	3.034570885055583e-08	1.847034854024128e-03
2.819663550618998e-01	4.044812612820742e-02	1.904829447546152e-01	3.851762205386741e-06	2.486199646983106e-03	3.845441186565349e-04	1.757524129217428e-04	5.595906740157344e-04	-3.871574917436725e-08	-1.694472912810745e-07	3.155881515055136e-08	1.896828444686522e-03
2.878770810209403e-01	4.198179211260959e-02	1.940409175412754e-01	3.717001642149439e-06	2.473869836604162e-03	4.178320343014006e-04	1.897933385499650e-04	6.068926188739283e-04	-4.026354755873649e-08	-2.181452367880991e-07	3.278639746874732e-08	1.946624923356062e-03
2.937878069799807e-01	4.351542508095404e-02	1.975563403562526e-01	3.647395027164682e-06	2.460278187402726e-03	4.531118357124281e-04	2.045389535075082e-04	6.568911702964791e-04	-4.155968721766228e-08	-2.751842026011884e-07	3.400539874597134e-08	1.996420869508542e-03
2.996985329390212e-01	4.504884815700645e-02	2.010331705428781e-01	3.542616109238896e-06	2.445564197975791e-03	4.904092738825397e-04	2.200172029354437e-04	7.096400389427190e-04	-4.306184866041840e-08	-3.407113544841014e-07	3.521537439868515e-08	2.046213430301474e-03
3.056092588980616e-01	4.658185790636930e-02	2.044747714193605e-01	3.436258918883621e-06	2.429841763497656e-03	5.297491139041021e-04	2.362552318685028e-04	7.651911519372253e-04	-4.462347018807163e-08	-4.149088553722197e-07	3.643792053545084e-08	2.095999324534896e-03
3.115199848571020e-01	4.811442306868528e-02	2.078844301961717e-01	3.324032586428789e-06	2.413198809319425e-03	5.711603422129807e-04	2.532815141428165e-04	8.236020132878732e-04	-4.619134679809691e-08	-4.980263000684560e-07	3.763548735378255e-08	2.145778048009498e-03
3.174307108161425e-01	4.964674481648858e-02	2.112655209163272e-01	3.220189093011970e-06	2.395722127600575e-03	6.146737389982603e-04	2.711268575606045e-04	8.849341816046300e-04	-4.777538605650688e-08	-5.902748616340358e-07	3.883199350712792e-08	2.195552848694171e-03
3.233414367751829e-01	5.117904340930080e-02	2.146210695299507e-01	3.086201585237332e-06	2.377489928909829e-03	6.603135105181659e-04	2.898222049823967e-04	9.492428279828378e-04	-4.958762621962527e-08	-6.918572417071455e-07	4.003571561240209e-08	2.245327279802748e-03
3.292521627342234e-01	5.271151212868368e-02	2.179537108735600e-01	2.980370284211609e-06	2.358568486543138e-03	7.080992387756594e-04	3.093981863405065e-04	1.016578161515685e-03	-5.127246151872631e-08	-8.029956067944207e-07	4.123408703935532e-08	2.295104458779772e-03
3.351628886932638e-01	5.424413408994436e-02	2.212653566948376e-01	2.894532667691283e-06	2.339007580037898e-03	7.580442884888907e-04	3.298827228658589e-04	1.086981488920341e-03	-5.288482224154837e-08	-9.239819050268015e-07	4.243100402914817e-08	2.344884116964910e-03
3.410736146523042e-01	5.577694670023953e-02	2.245578210457756e-01	2.813502375487085e-06	2.318852534780674e-03	8.101547675768662e-04	3.513043207682846e-04	1.160487444780315e-03	-5.450266055702238e-08	-1.055099457488057e-06	4.362833936284477e-08	2.394665974411289e-03
3.469843406113447e-01	5.730983339295048e-02	2.278324071257983e-01	2.721086636622755e-06	2.298152586261233e-03	8.644106293717499e-04	3.736892221129537e-04	1.237102248757184e-03	-5.620522686798501e-08	-1.196583932401832e-06	4.481045681186865e-08	2.444449904615342e-03
3.528950665703851e-01	5.884243457059338e-02	2.310897702947878e-01	2.661544087176253e-06	2.276961806461729e-03	9.207733569400971e-04	3.970598340200952e-04	1.316809803944201e-03	-5.771507535749881e-08	-1.348600556196032e-06	4.599486513450829e-08	2.494229130914413e-03
3.588057925294256e-01	6.037471527096374e-02	2.343311403802600e-01	2.618806818322072e-06	2.255326242830599e-03	9.792143577917408e-04	4.214430723286699e-04	1.399608453038823e-03	-5.915592619374756e-08	-1.511331188533419e-06	4.717988279799548e-08	2.544003268048194e-03
3.647165184884660e-01	6.190664705320446e-02	2.375576356626124e-01	2.541965970918207e-06	2.233269913273370e-03	1.039713849592742e-03	4.468658215093057e-04	1.485505309088320e-03	-6.086485675105537e-08	-1.685089947245930e-06	4.835709357296909e-08	2.593771604097395e-03
3.706272444475064e-01	6.343817873612326e-02	2.407702172018053e-01	2.497116236964053e-06	2.210815201867801e-03	1.102243132374037e-03	4.733544518386821e-04	1.574498063875335e-03	-6.232642259851255e-08	-1.870205708400176e-06	4.953858400969084e-08	2.643533658549461e-03
3.765379704065469e-01	6.496961723805701e-02	2.439704817780446e-01	2.470272688094822e-06	2.187995436583468e-03	1.166783175864281e-03	5.009414855868762e-04	1.666600221771838e-03	-6.368205235539264e-08	-2.066887890938485e-06	5.070093707952672e-08	2.693294210082414e-03
3.824486963655873e-01	6.650113019277523e-02	2.471596182479404e-01	2.378496193620552e-06	2.164840000058236e-03	1.233312202180160e-03	5.296572442900011e-04	1.761820318087835e-03	-6.564577179556486e-08	-2.275349638663526e-06	5.187977257264501e-08	2.743055962466729e-03
3.883594223246278e-01	6.803295015140262e-02	2.503388523919485e-01	2.328253137338643e-06	2.141374589517529e-03	1.301801158101011e-03	5.595334405377059e-04	1.860161053778789e-03	-6.723412083057934e-08	-2.495827837072974e-06	5.305352761839939e-08	2.792822666526999e-03
3.942701482836682e-01	6.956486445411313e-02	2.535084181276747e-01	2.243754347354062e-06	2.117605513505629e-03	1.372193213514817e-03	5.905932728997906e-04	1.961588800240874e-03	-6.919200541056823e-08	-2.728716348101046e-06	5.420245811208813e-08	2.842590892266028e-03
4.001808742427087e-01	7.109461143816269e-02	2.566643780920986e-01	-5.813978405175881e-06	2.093419944955879e-03	1.444289160443437e-03	6.228173410371988e-04	2.065885041523123e-03	-1.525630919279545e-07	-2.975627779997899e-06	5.303017753498999e-08	2.892324161252462e-03
4.060916002017491e-01	7.262630600911844e-02	2.598158100929166e-01	-5.702153617888679e-06	2.069103846028779e-03	1.518265881408806e-03	6.563193970206596e-04	2.173340291796774e-03	-1.525286302518156e-07	-3.234091523043624e-06	5.418443101180983e-08	2.942088777538370e-03
4.120023261607895e-01	7.415771396652679e-02	2.629585666485165e-01	-5.607140787283752e-06	2.044553287809838e-03	1.593903557762197e-03	6.910782266213836e-04	2.283713601563429e-03	-1.526371282286576e-07	-3.505585573134355e-06	5.530902873401683e-08	2.991848836417687e-03
4.179130521198300e-01	7.568902988616195e-02	2.660935555733050e-01	-5.490709000423049e-06	2.019784664526308e-03	1.671147470338633e-03	7.271251777828102e-04	2.396981611216042e-03	-1.524711502053706e-07	-3.790347660799687e-06	5.644936959773021e-08	3.041607410816792e-03
4.238237780788704e-01	7.723760184821674e-02	2.692559608564309e-01	-5.342782933209916e-06	2.004176078882497e-03	1.749941577924796e-03	7.649316081351093e-04	2.513500249987271e-03	-1.518840983842582e-07	-3.976833064637592e-06	5.758218139885189e-08	3.091588825247637e-03
4.297345040379109e-01	7.882208919545876e-02	2.724819121572691e-01	-5.234317488451218e-06	2.009786013085270e-03	1.830297806543301e-03	8.050514765740311e-04	2.633730865137591e-03	-1.517183639792269e-07	-3.907443095000735e-06	5.873290132616368e-08	3.142110986959290e-03
4.356452299969513e-01	8.044484229434667e-02	2.757732826429043e-01	-5.111707159702014e-06	2.040974524088709e-03	1.912208322730864e-03	8.476393069386802e-04	2.757736972818750e-03	-1.513480414250137e-07	-3.506480249986888e-06	5.994222327484932e-08	3.193249530476798e-03
4.415559559559917e-01	8.210578526599310e-02	2.791269509035281e-01	-4.945124224087314e-06	2.100412932138758e-03	1.995662946196514e-03	8.927904883123787e-04	2.885516054437076e-03	-1.503413064312799e-07	-2.713939005294372e-06	6.117486815118849e-08	3.245004443803725e-03
4.474666819150321e-01	8.380512462888574e-02	2.825404215297385e-01	-4.838650649766560e-06	2.190915207200223e-03	2.080650512713516e-03	9.406158838430412e-04	3.017062663091801e-03	-1.500614693021931e-07	-1.463196222124348e-06	6.239167819298570e-08	3.297378582507253e-03
4.533774078740727e-01	8.554184333655933e-02	2.860088502959909e-01	-4.356918166705995e-06	2.314230460091223e-03	2.167082240699476e-03	9.911931057705163e-04	3.152257543351376e-03	-1.443784283361431e-07	3.021567409362080e-07	6.668410851136996e-08	3.350355615766661e-03
4.592881338331131e-01	8.728656631183739e-02	2.894724342116062e-01	-3.065338510441412e-06	2.471625277598976e-03	2.250729804420084e-03	1.043785063458943e-03	3.286017388269591e-03	-1.264441641655675e-07	2.635011346857293e-06	7.660115348219741e-08	3.403461746232780e-03
4.651988597921535e-01	8.903182265753724e-02	2.929171312895408e-01	-1.165595246109817e-06	2.665903899613551e-03	2.330223883188921e-03	1.098281733168340e-03	3.416713563066432e-03	-9.849586974694229e-08	5.614809622944492e-06	9.235883648257161e-08	3.456576468946146e-03
4.711095857511940e-01	9.077619821677084e-02	2.963413170178358e-01	-5.584010544630221e-07	2.902486085857596e-03	2.405453427504511e-03	1.154779858094186e-03	3.544118411912160e-03	-8.996320015881925e-08	9.368002168549758e-06	9.766239189147452e-08	3.509708503396036e-03
4.770203117102344e-01	9.250662177596441e-02	2.997210879257428e-01	2.574800063958536e-08	3.181081472216712e-03	2.476650289524760e-03	1.212961089424855e-03	3.668024858565746e-03	-8.131349243508662e-08	1.393721992016731e-05	1.029194953638490e-07	3.562666717247693e-03
4.829310376692748e-01	9.423878072858498e-02	3.030885843237643e-01	5.887746087075434e-07	3.504894395036177e-03	2.548333680645873e-03	1.273448487768715e-03	3.793391623502735e-03	-7.249966404883087e-08	1.942514610809681e-05	1.081296664800627e-07	3.615703409593677e-03
4.888417636283152e-01	9.594902027541963e-02	3.063995345792750e-01	1.317943685078502e-06	3.876132456635361e-03	2.619714537776084e-03	1.335579885034504e-03	3.918583361724019e-03	-6.030082171843281e-08	2.592365226364510e-05	1.130351422150235e-07	3.668437588507106e-03
4.947524895873557e-01	9.758616171536012e-02	3.095594132194289e-01	2.501861332448074e-06	4.268815233780054e-03	2.688004451251575e-03	1.397284320482844e-03	4.039405104113292e-03	-3.927465311120985e-08	3.302026134442876e-05	1.240059706449872e-07	3.720044967543059e-03
5.006632155463961e-01	9.903828140388261e-02	3.123614165455855e-01	2.461645605283006e-06	4.635347022100869e-03	2.745879297327773e-03	1.453986261519909e-03	4.145108752719196e-03	-4.026551091967549e-08	3.985569133226198e-05	1.264055638527854e-07	3.768768677948135e-03
5.065739415054367e-01	9.949349958500410e-02	3.132500079885642e-01	2.351273247868090e-06	4.809078069755422e-03	2.750855639855668e-03	1.473591525077020e-03	4.164669637534202e-03	-4.251630847998311e-08	4.319730165870350e-05	1.264719080300565e-07	3.801506250755744e-03
